

the date of the: 2021-06-26 01:49:26
Input data: 
0  10  0  8  0  0  
1  0  5  2  0  0  
0  0  0  0  0  7  
0  0  0  0  10  0  
0  0  8  0  0  10  
0  0  0  0  0  0  
Maximum flow = [5, 0]

the date of the: 2021-06-26 01:51:37
Input data: 
0  10  0  8  0  0  
1  0  5  2  0  0  
0  0  0  0  0  7  
0  0  0  0  10  0  
0  0  8  0  0  10  
0  0  0  0  0  0  
Answer is = [5, 0]

the date of the: 2021-06-26 01:52:18
Input data: 
0  2  0  3  1  0  0  
2  0  4  0  0  0  0  
0  4  0  0  0  0  0  
3  0  0  0  0  0  0  
1  0  0  0  0  2  0  
0  0  0  0  2  0  3  
0  0  0  0  0  3  0  
Answer is = [6, 0]

the date of the: 2021-06-26 01:52:31
Input data: 
0  2  0  3  1  0  0  10  
2  0  4  0  0  0  0  0  
0  4  0  0  0  0  0  3  
3  0  0  0  0  0  0  8  
1  0  0  0  0  2  0  0  
0  0  0  0  2  0  3  0  
0  0  0  0  0  3  0  1  
10  0  3  8  0  0  1  0  
Answer is = [7, 3, 2, 0]

the date of the: 2021-06-26 01:52:47
Input data: 
0  0  0  0  0  0  0  0  
2  0  4  0  0  0  0  0  
0  4  0  0  0  0  0  3  
3  0  0  0  0  0  0  8  
1  0  0  0  0  2  0  0  
0  0  0  0  2  0  3  0  
0  0  0  0  0  3  0  1  
10  0  3  8  0  0  1  0  
Answer is = [7, 3, 2, 0]

the date of the: 2021-06-26 01:52:55
Input data: 
0  0  0  0  0  0  0  0  
0  0  4  0  0  0  0  0  
0  4  0  0  0  0  0  3  
0  0  0  0  0  0  0  8  
0  0  0  0  0  2  0  0  
0  0  0  0  2  0  3  0  
0  0  0  0  0  3  0  1  
0  0  3  8  0  0  1  0  
Answer is = [7, 0]

the date of the: 2021-06-26 01:53:01
Input data: 
0  0  0  0  0  0  0  0  
0  0  0  0  0  0  0  0  
0  0  0  0  0  0  0  3  
0  0  0  0  0  0  0  8  
0  0  0  0  0  2  0  0  
0  0  0  0  2  0  3  0  
0  0  0  0  0  3  0  0  
0  0  3  8  0  0  0  0  
Answer is = [7, 0]

the date of the: 2021-06-26 01:53:04
Input data: 
0  0  0  0  0  0  0  0  
0  0  0  0  0  0  0  0  
0  0  0  0  0  0  0  0  
0  0  0  0  0  0  0  0  
0  0  0  0  0  0  0  0  
0  0  0  0  0  0  0  0  
0  0  0  0  0  0  0  0  
0  0  0  0  0  0  0  0  
Answer is = [7, 0]

the date of the: 2021-06-26 01:53:24
Input data: 
0  0  0  0  
0  0  0  0  
0  0  0  0  
0  0  0  0  
Answer is = [3, 0]

the date of the: 2021-06-26 01:53:31
Input data: 
0  0  0  
0  0  0  
0  0  0  
Answer is = [2, 0]

the date of the: 2021-06-26 01:58:49
Input data: 
0  2  0  3  1  0  0  10  
2  0  4  0  0  0  0  0  
0  4  0  0  0  0  0  3  
3  0  0  0  0  0  0  8  
1  0  0  0  0  2  0  0  
0  0  0  0  2  0  3  0  
0  0  0  0  0  3  0  1  
10  0  3  8  0  0  1  0  
Answer is = [7, 3, 2, 0]

the date of the: 2021-06-26 01:58:56
Input data: 
0  0  0  
0  0  0  
0  0  0  
Answer is = [2, 0]

the date of the: 2021-06-26 02:15:52
Input data: 
0  2  0  3  1  0  0  10  
2  0  4  0  0  0  0  0  
0  4  0  0  0  0  0  3  
3  0  0  0  0  0  0  8  
1  0  0  0  0  2  0  0  
0  0  0  0  2  0  3  0  
0  0  0  0  0  3  0  1  
10  0  3  8  0  0  1  0  
Answer is = [7, 3, 2, 0]

the date of the: 2021-06-26 02:19:03
Input data: 
0  0  0  0  0  0  0  0  
0  0  0  0  0  0  0  0  
0  0  0  0  0  0  0  0  
0  0  0  0  0  0  0  0  
0  0  0  0  0  0  0  0  
0  0  0  0  0  0  0  0  
0  0  0  0  0  0  0  0  
0  0  0  0  0  0  0  0  
Answer is = [7, 0]

the date of the: 2021-06-26 02:24:26
Input data: 
0  2  0  0  
2  0  0  0  
0  0  0  0  
0  0  0  0  
Answer is = [3, 0]

the date of the: 2021-09-07 18:57:05
Input data: 
0  2  0  3  1  0  0  10  
2  0  4  0  0  0  0  0  
0  4  0  0  0  0  0  3  
3  0  0  0  0  0  0  8  
1  0  0  0  0  2  0  0  
0  0  0  0  2  0  3  0  
0  0  0  0  0  3  0  1  
10  0  3  8  0  0  1  0  
Answer is = [7, 3, 2, 0]

the date of the: 2021-09-07 18:57:25
Input data: 
1  0  0  0  0  
0  2  0  0  0  
0  0  3  0  0  
0  0  0  4  0  
0  0  0  0  5  
Answer is = [4, 0]